41 221 234 34 110 75 259 260 15 150 56 38 200 213 224 32 128 244 185 268 207 89 48 76 42 235 201 205 31 115 152 100 17 288 262 97 240 178 9 211 151 183
47 216 179 88 72 7 294 276 136 290 285 125 129 226 91 230 174 284 64 122 271 26 3 170 197 6 190 90 70 5 124 35 78 289 280 154 297 231 279 229 37 189 84 77 247 169 274 130
40 167 296 103 148 162 127 218 225 74 156 113 232 166 188 277 29 28 172 217 254 295 209 191 177 73 101 10 81 291 112 242 145 126 251 186 233 293 52 132 175
41 0 116 80 286 246 299 203 13 273 107 263 63 79 245 96 241 146 222 202 82 111 160 22 114 283 131 118 98 20 255 292 141 252 47 272 270 135 173 149 2 165
39 36 33 4 8 159 24 133 220 92 144 18 171 60 57 21 39 282 40 239 50 158 236 109 195 237 140 25 93 119 139 219 106 104 143 1 194 46 49 278
38 180 87 134 210 62 95 58 227 105 187 261 19 267 53 281 214 102 204 121 68 243 23 147 269 83 287 138 16 248 238 264 51 12 71 69 94 123 208
37 65 168 161 137 193 198 44 14 157 11 27 86 258 253 61 163 298 117 45 181 199 265 196 223 266 250 55 155 59 182 67 192 142 43 206 153 257
10 54 275 184 176 228 66 215 30 120 256
2 108 85
3 41 164 99
2 249 212
0
0
0
0
0
0
0
0
0
0
0
0
0
0
0
0
0
0
0
0
0
0
0
0
0
0
0
0
0
0
0
0
0
0
0
0
0
0
0
0
0
0
0
0
0
0
0
0
0
0
0
0
0
0
0
0
0
0
0
0
0
0
0
0
0
0
0
0
0
0
0
0
0
0
0
0
0
0
0
0
0
0
0
0
0
0
0
0
0
